version https://git-lfs.github.com/spec/v1
oid sha256:b26ccd9312057e558665926d011097b90976b4a2f49138ad3c65fc37c0dd1693
size 207993383
